34 1
32 -0.100976
17 -0.339290
1 0.007356
26 0.245051
13 0.004083
9 0.319128
14 0.106357
29 -0.310711
6 -0.128898
18 0.355982
27 -0.481780
25 -0.041204
34 -0.268400
28 -0.347341
12 -0.191509
19 0.222828
4 -0.398266
22 -0.136178
11 0.131678
16 -0.218389
5 0.166502
33 0.435922
7 -0.333665
31 0.344504
23 -0.187063
8 -0.042503
3 0.454660
24 -0.286655
10 -0.319425
15 0.230095
20 0.200544
2 0.047674
21 0.019675
30 -0.156008
34 5
34 0.099059 
1 -0.093816 
3 -0.045433 
2 0.042583 
33 -0.024879 
6 -0.080131 
28 0.062883 
4 -0.055047 
7 -0.018062 
24 0.059461 
25 0.015970 
30 -0.011724 
32 0.052082 
9 -0.009171 
11 -0.032162
5 -0.018145 
8 0.031579 
14 0.058284 
15 0.039271 
17 0.023394 
27 -0.074108
22 -0.055401
29 0.090679 
21 0.053715 
20 0.018100 
18 -0.015858
26 0.004367 
23 0.046038 
13 0.032626 
31 0.025504 
12 -0.018003 
16 0.074956 
19 -0.067258
10 0.078560 
